13218.9085845
1651.98262723
1753.03030723
1789.04153723
1888.10994723
1916.09363723
2044.21105723
2045.13622723
2192.20463723
2230.29036723
2263.24174723
2343.37442723
2350.27377723
2400.39588723
2481.31426723
2514.43881723
2637.41537723
2642.53377723
2805.59710723
2823.49468723
2918.68116723
2970.56309723
3032.72409723
3084.60602723
3133.77177723
3155.64313723
3230.82453723
3252.69589723
3317.85656723
3365.77995723
3445.91514723
3512.84836723
3532.94717723
3625.93242723
3646.03123723
3739.01648723
3743.08399723
3810.05359723
3899.18510723
3966.15470723
4013.22803723
4080.19763723
4128.25497723
4193.28169723
4314.33428723
4340.35010723
4437.40286723
4500.41359723
4536.47127723
4649.55533723
4656.51470723
4762.63939723
4787.55519723
4909.70780723
4973.63450723
5037.76638723
5076.64369723
5166.80897723
5177.69137723
5294.90393723
5305.74995723
5376.78706723
5422.96251723
5504.88202723
5520.01527723
5632.97698723
5634.05820723
5705.09531723
5764.01747723
5776.13242723
5901.07638723
5905.17501723
5958.09784723
6002.22777723
6073.12478723
6103.27545723
6130.14624723
6174.31256723
6259.18883723
6275.36024723
6360.23651723
6403.41882723
6459.30492723
6502.48723723
6573.52434723
6645.38423723
6716.42134723
6759.60365723
6815.48975723
6858.67206723
6943.54833723
6959.71974723
7044.59601723
7088.76233723
7115.63312723
7145.78379723
7216.68080723
7260.81073723
7313.73356723
7317.83219723
7442.77615723
7454.89110723
7513.81326723
7584.85037723
7585.93159723
7698.89330723
7714.02655723
7795.94606723
7842.12151723
7913.15862723
7924.00464723
8041.21720723
8052.09960723
8142.26488723
8181.14219723
8245.27407723
8309.20077723
8431.35338723
8456.26918723
8562.39387723
8569.35324723
8682.43730723
8718.49498723
8781.50571723
8878.55847723
8904.57429723
9025.62688723
9090.65360723
9138.71094723
9205.68054723
9252.75387723
9319.72347723
9408.85498723
9475.82458723
9479.89209723
9572.87734723
9592.97615723
9685.96140723
9706.06021723
9772.99343723
9853.12862723
9901.05201723
9966.21268723
9988.08404723
10063.2654472
10085.1368072
10134.3025572
10186.1844872
10248.3454872
10300.2274172
10395.4138972
10413.3114772
10576.3748072
10581.4932072
10704.4697672
10737.5943172
10818.5126972
10868.6348072
10875.5341572
10955.6668372
10988.6182172
11026.7039472
11173.7723572
11174.6975272
11302.8149472
11330.7986372
11429.8670472
11465.8782772
11566.9259572
