2222.88383371
2351.92642371
2466.95336371
2630.01669371
2758.11165371
2829.14876371
2932.15795371
3003.19506371
3131.29002371
3232.33770371
3395.40103371
3524.44362371
3652.50220371
3749.55496371
3846.60772371
3917.64483371
4018.69251371
4132.73544371
4295.79877371
4432.85768371
4519.88971371
4632.97377371
4789.07488371
4926.13379371
5057.17428371
5186.21687371
5299.30093371
5356.32239371
5459.33158371
5588.37417371
5744.47528371
5857.55934371
5970.64340371
6098.73836371
6226.83332371
6357.87381371
6488.91430371
6645.01541371
6744.08382371
6891.15223371
7019.21081371
7156.26972371
7269.35378371
7397.44874371
7484.48077371
7640.58188371
7755.60882371
7941.68813371
8104.75146371
8217.83552371
8316.90393371
8502.98324371
8574.02035371
8689.04729371
8803.09022371
8940.14913371
9103.21246371
9202.28087371
9299.33363371
9370.37074371
9526.47185371
9627.51953371
9783.62064371
9911.67922371
10024.7632837
10180.8643937
10267.8964237
10453.9757337
10569.0026737
10682.0867337
10739.1081937
10867.1667737
10954.1988037
11091.2577137
11204.3417737
11333.3843637
11446.4684237
11602.5695337
11715.6535937
11829.6965237
11942.7805837
12079.8394937
12216.8984037
