933
733 378
336 758
704 603
882 706
88 331
446 876
630 309
500 604
919 34
913 51
380 313
542 36
145 728
477 662
177 63
25 24
521 696
506 238
456 78
573 861
217 436
71 329
25 35
554 482
456 789
597 429
138 46
623 608
858 886
184 237
78 75
426 871
149 189
533 678
659 132
374 553
199 209
414 380
638 417
159 212
76 13
177 221
530 136
261 344
418 246
270 98
883 35
57 113
39 564
84 392
411 763
735 842
161 393
336 18
538 415
240 6
15 6
207 232
185 326
485 115
794 177
124 537
202 724
302 626
404 286
415 118
896 710
292 141
727 107
46 142
239 734
755 354
748 15
478 246
147 82
131 121
641 21
10 3
509 227
277 58
218 779
560 408
211 25
744 693
257 276
75 107
213 355
152 300
383 464
754 31
353 381
182 216
8 12
627 251
397 228
35 54
923 425
830 272
147 246
86 218
211 488
725 804
803 444
621 628
14 443
412 23
921 236
263 33
301 151
136 68
184 445
532 893
155 51
918 19
420 275
76 665
85 814
374 557
533 891
490 790
718 467
419 646
505 64
467 393
747 456
365 438
382 238
581 531
319 305
873 582
310 796
156 285
460 344
424 631
97 21
202 593
114 165
327 18
525 449
68 61
267 320
500 452
702 628
319 735
100 139
35 205
639 77
878 75
862 29
909 764
738 443
396 799
279 119
43 33
464 697
600 303
561 570
614 860
386 170
262 230
354 370
810 475
103 78
149 601
43 191
2 9
70 3
589 211
60 322
163 644
469 91
322 416
35 44
325 256
123 81
574 72
393 792
655 215
786 505
114 894
214 67
141 533
289 140
72 84
101 343
137 140
820 704
552 637
409 248
405 95
544 807
524 189
596 220
223 177
246 535
12 14
83 65
45 23
702 866
278 90
367 51
286 887
38 318
540 688
457 226
94 11
9 49
550 241
395 36
787 42
307 459
216 429
7 36
398 149
36 174
78 124
135 57
677 128
613 358
132 52
362 378
511 761
498 324
419 167
256 902
518 602
628 687
599 717
388 80
134 102
683 600
350 571
537 712
21 4
189 341
359 208
372 92
109 117
453 181
2 264
6 1
401 441
872 394
204 17
408 204
540 464
193 518
4 256
274 447
4 93
484 334
694 338
653 2
411 17
727 829
482 824
110 197
501 459
608 571
898 803
703 286
85 295
307 26
162 60
225 33
848 255
427 417
483 398
640 161
450 431
241 313
931 712
165 269
509 925
305 517
773 845
323 451
62 689
351 344
235 261
841 188
3 229
338 424
594 334
478 800
14 233
122 2
5 95
43 90
166 280
691 46
51 507
90 219
715 286
511 320
874 334
673 12
350 329
205 321
213 112
778 202
170 90
333 148
538 825
729 271
229 710
493 203
555 105
516 268
431 306
2 271
474 83
23 183
648 147
520 505
614 344
121 865
811 458
753 195
643 617
623 867
864 858
519 546
305 448
315 95
109 68
457 821
21 681
266 476
405 572
124 532
5 680
89 54
225 674
247 435
6 224
253 207
39 402
795 768
426 394
838 443
75 22
661 39
914 565
490 561
879 187
286 668
281 299
376 496
510 892
5 19
116 108
366 267
56 178
23 770
281 136
1 182
446 379
87 68
128 167
360 374
19 50
577 82
170 173
333 595
265 839
388 551
334 293
24 636
168 526
202 432
243 562
31 148
537 660
782 210
584 159
33 298
153 722
24 5
132 157
387 340
115 38
127 97
16 14
471 114
610 272
642 636
159 316
146 144
658 666
859 610
275 163
35 284
362 96
394 422
184 217
772 546
258 356
52 5
170 611
42 164
13 80
345 260
62 111
494 362
910 786
200 100
377 184
162 454
751 595
108 42
771 444
121 118
139 207
113 906
691 846
881 714
875 501
465 280
901 369
834 765
63 40
523 806
310 527
596 863
302 212
430 855
385 326
179 19
767 297
300 463
780 580
33 354
230 140
369 37
71 130
622 459
791 89
72 64
195 114
161 101
492 275
6 13
26 19
486 289
598 125
133 76
158 192
619 425
72 328
371 262
15 440
670 538
344 723
523 126
31 14
340 399
634 565
599 584
231 742
231 394
119 49
10 510
60 709
45 141
338 9
125 396
346 242
114 60
616 295
62 65
182 582
4 85
391 278
250 466
64 180
536 235
108 376
143 759
573 836
149 17
234 809
827 179
819 421
48 175
900 76
335 163
149 250
812 786
28 26
213 357
365 149
100 2
695 511
126 160
266 146
30 912
95 188
57 347
76 91
79 194
21 81
84 168
462 30
251 739
251 128
177 508
63 340
814 828
253 482
172 20
343 512
75 186
21 104
369 633
449 402
56 283
434 204
202 390
706 306
292 585
227 52
554 591
565 489
291 231
49 208
566 251
225 348
505 658
51 10
513 205
2 37
96 63
428 663
171 142
387 444
832 225
19 20
353 475
153 625
802 294
10 18
793 210
121 590
148 798
535 764
52 244
99 306
726 251
656 669
389 243
150 10
356 425
367 805
834 933
39 27
51 342
787 813
666 730
76 154
483 849
128 267
857 848
291 693
479 184
61 297
832 911
396 624
31 652
558 188
895 285
776 279
647 117
163 257
223 757
231 4
341 785
35 73
746 268
110 44
41 66
607 78
870 626
833 812
620 783
568 565
550 552
78 384
434 817
257 682
788 276
78 248
477 528
204 635
556 488
383 224
495 236
852 816
286 53
141 364
133 202
351 410
467 676
156 143
439 266
144 38
251 835
47 86
413 654
145 629
268 36
853 245
756 382
477 394
125 701
105 74
521 218
217 255
362 885
66 750
96 922
657 492
59 13
612 542
396 731
544 133
592 38
549 421
56 3
534 138
749 195
53 587
307 651
29 16
2 4
32 815
241 62
276 303
157 305
579 501
698 661
220 324
111 242
437 169
118 235
314 279
736 85
417 7
18 27
224 720
884 109
61 926
144 145
166 37
187 116
3 714
17 32
402 760
22 23
215 8
473 21
633 840
30 13
193 97
13 559
38 22
118 100
273 250
37 152
618 256
459 529
38 713
430 236
747 847
317 296
591 609
100 487
163 131
212 287
621 518
121 699
664 460
58 24
213 421
741 463
46 24
159 61
190 140
174 290
740 915
426 745
180 184
11 8
522 11
15 176
519 144
684 298
282 578
399 831
854 573
126 407
48 13
431 822
514 246
797 218
98 222
282 175
443 515
679 324
153 98
851 182
74 543
239 54
10 649
161 228
528 547
292 905
428 208
694 705
6 352
283 708
99 61
890 726
567 80
904 726
590 671
3 33
868 920
899 853
231 675
105 403
433 932
79 7
183 503
308 172
405 458
491 261
120 105
588 930
784 638
499 576
335 856
737 273
685 70
220 87
808 733
101 143
691 903
360 103
195 210
151 606
497 129
563 265
67 29
486 908
252 192
82 254
77 73
89 106
132 502
2 1
145 452
373 719
252 732
743 294
39 721
481 367
247 239
226 142
16 238
168 880
312 251
740 276
877 125
17 12
28 201
69 353
332 271
249 170
241 489
692 374
3 5
82 24
95 137
147 889
575 220
209 294
28 92
88 63
126 45
260 95
472 315
74 311
363 174
74 62
79 461
7 2
243 41
716 646
413 262
258 122
818 771
259 90
96 112
309 141
358 203
650 604
181 137
152 690
786 917
40 128
94 236
199 186
129 423
349 314
404 888
897 703
22 499
38 69
144 203
112 801
700 163
826 405
12 379
125 44
672 652
148 768
480 11
9 288
645 516
850 783
133 400
541 199
2 3
27 34
169 686
339 30
455 364
580 430
11 61
360 401
158 69
641 843
137 323
293 133
208 844
858 802
38 468
765 353
274 775
101 777
16 71
21 47
13 40
27 53
129 47
586 396
75 101
245 656
373 72
50 102
711 167
181 928
304 15
470 322
64 38
7 169
62 30
569 426
752 518
769 173
364 531
330 83
113 310
924 158
539 525
725 282
442 86
361 234
